"","X","location.id","A","A2","A3","A4","A5","A6","C","error.mean","error.sd","loglik_Norm","RMSE"
"1",1,1020062,0.8,0.2,0.4,0.2,0.1,0,0,0.000128064772066643,0.760150506193877,-1369.06084402532,0.7601505169816
"2",2,1021900,0.6,0,0.1,0,0,0,0,-0.00148821523348496,0.877801038453967,-1628.79446312148,0.877802300005783
"3",3,1024443,0.75,0.1,0.6,0.1,0,0,0,-0.00756450773274233,0.751810899503315,-1490.77352930767,0.751848954504309
"4",4,1040761,0.6,0,0.3,0,-0.1,0,0,0.0203004058540237,0.883292403454647,-1635.38234880754,0.883525651284967
"5",5,1047837,0.9,0.1,-0.1,0.1,0,0,0,0.026646178604511,0.807814043140466,-1492.42774533566,0.808253392896789
"6",6,1060029,0.6,0,0.2,0,0,0,0,-0.00650611758947609,0.905577822624934,-1578.42874077593,0.905601193901711
"7",7,1079715,0.9,0.2,0.1,0.2,0,0,0,-0.0418706197859826,0.758699131143347,-1367.91789599539,0.759853617744189
"8",8,1088251,0.9,0.4,0.6,0.4,0,0,0,0.00901971477425109,0.522932506227063,-952.505674237931,0.523010287971017
"9",9,1096737,0.75,0.1,0.3,0.1,0,0,0,0.00510238149835299,0.818717177759182,-1640.66894757423,0.818733077049483
"10",10,1114327,0.75,0,0.1,0,0,0,0,0.0205286496949049,0.834750384521746,-1557.80152006101,0.835002772401086
"11",11,1126839,0.9,0.3,0.4,0.3,0.1,0,0,0.00359028103873506,0.663997103385318,-1274.94929518457,0.664006809770826
"12",12,1127743,0.6,0.2,0.5,0.2,0,0,0,-0.0187813380097802,0.780360308712182,-1535.10103095835,0.780586286115001
"13",13,1153636,0.6,0.2,0.6,0.2,0,0,0,-0.019441549256407,0.755571253779429,-1476.8385763297,0.755821336941017
"14",14,1177738,0.45,0,0.5,0,0,0,0,-0.017620453454521,0.86609419139918,-1571.01796903773,0.866273414549554
"15",15,1177777,0.75,0.4,0.6,0.4,0,0,0,-0.00549890792225139,0.561143527716656,-1104.44304015737,0.561170470255368
"16",16,1205504,0.45,0,0.3,0,0,0,-0.1,0.0900881349852733,0.938831102205851,-1674.43627653524,0.943143525946171
"17",17,1209887,0.75,0.4,0.6,0.4,0,-0.1,0,-0.0353264779072406,0.575076853849846,-1088.16848981174,0.576160869788263
"18",18,1214008,0.45,0,0.1,0,0,0.1,0,-0.00511494645956485,0.931690356380566,-1756.6834628154,0.931704396710582
"19",19,1223742,0.75,0.4,0.7,0.4,0,0,0,0.000203973247156227,0.592008361129083,-1068.27659096758,0.592008396268016
"20",20,1234067,0.45,0,0.3,0,0.1,0,0,0.00186289632359207,0.922481756206587,-1667.46056342591,0.922483637208108
"21",21,1246885,0.75,0.3,0.7,0.3,0,0,0.1,-0.0846033592572147,0.593657377323808,-1129.93437205749,0.599655576184018
"22",22,1263175,0.45,0.1,0.7,0.1,0,0,0,0.00111278041529846,0.831999755432016,-1537.59417435929,0.832000499590708
"23",23,1263298,0.3,0,0.4,0,0,0,0,-0.0195896383772739,0.935915278639849,-1753.10984317942,0.936120271505355
"24",24,1270899,0.45,0.1,0.7,0.1,-0.1,0,0.05,-0.0498816840365636,0.830413122920989,-1582.07572885005,0.831909933299099
"25",25,1272597,0.75,0,0.1,0,0,0,0,0.00985386990195923,0.871129856718064,-1599.93691217942,0.871185586438205
"26",26,1287640,0.75,0.3,0.7,0.3,-0.1,0,0,-0.0146940876300854,0.632946420089716,-1278.88680774027,0.633116961481579
"27",27,1302182,0.6,0,0.1,0,0,0,0,-0.00445958068370546,0.871563929710919,-1618.49973269521,0.871575338931188
"28",28,1340875,0.75,0.1,0.5,0.1,-0.1,0,0,0.00375256162272891,0.783495709872861,-1465.16120399201,0.783504696289633
"29",29,1359152,0.6,0.2,0.8,0.2,0,0,0,0.0227375353279478,0.729933976393696,-1358.08892940346,0.730288029072572
"30",30,1401740,0.6,0.1,0.8,0.1,0,0.1,-0.05,0.0232726363322418,0.603006523983344,-1093.90730158066,0.60345545284497
"31",31,1412499,0.45,0.1,0.5,0.1,-0.1,-0.1,0,-0.00461974096487482,0.854183961584236,-1644.77410680184,0.854196454121838
